4602
14191
28739
16649
21884
26051
28866
31324
25901
6218
14291
10599
19888
27917
1758
30518
8368
9992
2515
619
27467
5202
11452
10494
25115
28504
7337
14154
27463
8724
26291
4276
6622
27063
1513
14161
17181
18496
29789
11227
18708
19748
1980
23390
4308
30095
12700
14872
8157
2186
16074
16543
16101
25039
5213
4841
4683
466
16034
3076
3172
7156
20403
32079
27524
25697
19676
12143
14969
142
6235
9813
19840
4034
6850
28983
25295
6198
7833
29418
27989
5701
5285
30869
5449
31497
9156
18320
20068
9691
31671
27310
27973
2365
9676
11710
7173
18978
15775
11427
9452
2975
11738
18050
5919
12898
17140
9845
26751
3473
12473
17511
24212
31127
24266
21036
25061
6484
2226
32154
4521
29483
15951
22716
13953
23282
28039
18471
10479
26657
32249
264
15359
7265
9532
14013
16131
29297
365
11685
18938
20893
12724
24443
12041
988
30444
6396
18693
32484
13256
13220
28527
32560
10612
14271
623
292
7097
17382
19777
717
31191
13912
32508
4281
26819
5621
13651
2902
22195
1912
602
5741
23527
10065
18741
21162
16666
14553
23564
9434
27208
19194
3585
32720
29085
8370
7496
30435
13983
11745
17571
16738
16836
20856
22837
10094
13129
8719
8082
23882
26062
17780
31796
24503
6520
21263
864
8088
24069
7379
32394
8528
11189
12442
29443
20531
20808
28434
9193
8165
11357
19256
1748
19964
6283
2783
23964
23188
21307
31881
4013
17595
25321
18158
24294
1285
5919
12848
4465
15356
9729
9237
3982
14902
23528
27713
11299
20515
16955
26921
12960
21730
29682
12056
34
22741
17211
4447
10110
29203
24430
16492
9401
8481
8597
30599
31494
24108
12716
7886
27869
9594
7495
17641
13143
15589
28085
11523
9728
23649
5662
8134
12326
16316
4001
11817
3161
16450
26765
3882
5229
6302
15324
4064
23076
31045
9934
17452
14600
17275
27631
21844
11135
22691
16611
8411
15873
21977
14172
5539
4648
6648
2656
22242
5378
20103
15071
7530
22678
6323
11694
11701
30306
8753
17423
20167
634
20640
18901
18419
11103
5936
31857
6463
12576
18494
26187
1577
29194
7107
19959
18969
13275
11825
19962
3651
4417
32607
15664
19394
23681
8907
25130
13568
9357
21255
28864
1577
6430
16581
25321
17056
21465
31416
26859
20449
15978
11959
29297
804
22309
30469
10003
609
26969
31290
30324
18475
10620
16696
24627
27793
20495
14757
12126
90
20398
26543
16701
12126
31854
17057
28167
14279
1755
17299
9628
13938
10192
26089
24045
8497
11962
30364
14432
14020
1256
7175
15432
22486
18113
20853
25770
28890
3168
3266
16445
1303
27137
7678
9283
24063
8974
31363
24171
30083
10542
5583
1793
2340
16836
21456
7611
29926
23746
28701
5676
23565
32147
24170
9251
12309
19479
14610
28048
7869
5687
12204
32340
22480
20271
15136
18780
21428
32622
6748
7865
8621
6853
6362
14318
30781
6907
22939
23048
21859
2027
2683
19994
19083
30623
4295
30932
20291
17255
21054
2486
7556
24319
28764
14791
17025
21459
24981
2524
19254
26584
9805
3798
12835
16555
14643
18860
25711
13902
29654
7407
4491
28805
12325
23339
29885
12672
24611
15280
9343
8598
8250
31026
23368
31685
31955
16559
18822
15256
10271
5550
479
6096
32137
28115
23185
9914
1123
4272
17222
23648
18458
20036
28053
21636
11165
22774
14743
7646
30471
31932
18081
4028
6893
25767
10680
496
28630
938
18623
3968
23118
18182
6383
655
13571
4955
20532
2542
2182
8202
32665
8793
9559
10888
1680
1472
3238
223
21779
2577
31347
8880
769
30412
28547
4247
27330
5817
506
19250
25937
11214
1652
18093
8659
21287
25279
5477
13134
23243
27685
11597
21370
11520
28445
6000
28350
2626
12757
10121
21527
26801
24399
31685
22201
15256
4128
23194
16763
1859
22042
18564
30866
26664
6752
9858
8760
5903
3680
18836
12992
26573
21031
10347
8575
9663
23702
2663
31857
7813
21862
10328
22113
68
8950
26631
15536
23457
22736
23997
9751
15796
2878
11916
9508
27888
7806
6173
18271
21061
25243
14179
25170
13909
13841
16949
11411
30315
694
32023
8781
29955
9612
11924
12806
19704
21929
24891
2710
6038
32283
10373
27432
16583
28505
26314
31627
3956
15030
16789
22031
13422
14982
20369
27429
29853
11048
22373
19977
20479
11717
25315
11934
4024
3615
16867
8553
11225
16595
4853
5916
23244
15057
9159
27831
2088
4744
15923
12221
22417
29316
20034
27594
20461
3774
32241
4150
28874
27178
8578
29801
10201
22322
6592
14932
27935
12593
2346
14881
24383
12248
15551
23329
24490
19671
26180
8003
6067
3124
16697
3938
489
4094
31269
21018
17777
10808
32128
387
17566
5012
32533
21806
23364
32429
11392
2867
32589
13807
30536
15998
28853
32342
20469
6836
23574
13131
16196
6838
11824
27631
20960
26134
11971
2663
9020
16814
15101
23165
31294
10510
29089
4372
16720
31440
9103
1758
3497
4874
5761
28995
28359
30558
15586
12670
1049
5536
17529
28319
6433
20764
12941
29929
8498
23794
18155
1559
23276
25807
3932
30192
25847
18735
20572
1254
22131
16839
3885
257
9434
31986
13036
17949
18606
13329
29589
25036
17570
2535
18235
31029
9066
1970
25692
26021
22349
8388
22894
1542
4371
12911
16115
25662
20990
32129
12644
16915
2128
20792
26488
2828
17502
11982
24200
18881
9393
31353
10090
9473
7841
5738
15224
21690
4430
9366
12069
11449
18706
25636
6233
14849
20814
32309
20263
18563
13152
31868
17171
16437
29595
25995
18103
22065
22169
27323
20294
4892
5287
8551
29961
18681
32757
16185
20136
8339
8147
28303
9847
27600
11217
20889
10190
30603
18284
14514
19228
9708
20056
9413
3871
24165
22320
11299
27983
962
26351
24445
12382
7087
11606
7224
15881
23497
3268
7625
14190
17038
11783
22487
26216
14459
12484
15529
11298
29367
27180
3003
17000
30201
21232
5741
25985
7484
26363
8716
20164
12678
22571
29002
18536
18083
11807
4060
17086
21747
23330
20803
2121
5022
31413
8536
17510
1301
20546
15475
24788
13282
26938
6423
18520
5100
10021
5839
2405
21093
3516
22942
6810
5771
2391
13001
14950
3498
10522
9686
3017
20795
4291
1695
17837
898
22029
4783
16301
11204
21149
27711
13300
29691
25930
3493
25470
29839
30021
9469
4323
21384
13026
7673
18514
7882
29482
27571
27006
22929
16493
26337
24618
30364
8888
27654
11877
3946
3566
7423
17769
30767
24797
22630
17982
11683
22709
21623
3098
5752
12318
10320
19475
31511
17231
8702
27022
32580
20280
30314
13657
7689
5183
18842
13401
22238
15218
20686
11890
31789
29549
9626
11412
18169
12102
15337
22971
10683
15020
11883
30779
28285
4229
10229
29866
19681
1059
10716
20277
21021
29627
13296
31131
13776
29911
29201
28253
7464
12485
26030
13847
21867
5781
10214
7884
8440
3981
10654
21726
15989
11362
26346
7850
15744
10571
14382
25667
8930
11450
30215
26335
16065
9671
20661
7123
27513
32060
6100
6082
31023
11474
4424
9369
24585
949
27769
10005
5357
27144
22264
18349
13734
25188
14130
15620
23688
5759
1696
6359
25179
121
14592
23018
14998
3319
15696
28715
12174
19654
31986
6437
31095
2859
28843
8821
23764
1022
6860
19027
11928
12606
31374
7036
7180
1989
17705
11596
31622
15247
15611
5249
14237
22366
30115
21811
3664
23473
21159
23884
24612
2256
8123
18368
8742
5363
5306
28997
2978
28060
21161
29721
21643
11810
22507
4714
2259
32045
12557
2952
4957
31394
15399
14563
30756
5052
18866
30974
29744
2278
13520
30270
26043
31720
26124
10851
20814
32671
20081
32520
30561
10007
4336
744
26800
10435
6823
30976
4302
26832
16524
24380
5159
8722
26200
23588
16862
26840
23302
2210
29027
11263
12380
28856
32235
28199
26034
4180
10028
18070
22990
3803
24093
27466
22366
2108
8848
21555
5901
28547
1616
32547
5102
11396
10816
27274
18690
17717
20068
14607
4959
17061
26239
20376
2819
2015
621
21410
24253
30574
30869
6671
60
8192
30941
10284
2431
7478
32163
1955
24681
14736
13605
14114
12597
10913
14075
21547
25823
3297
6153
11019
7836
5725
22650
16186
31964
25469
25103
26471
17219
7863
1311
28777
15113
31794
22079
30343
23218
24969
8607
1972
17293
25487
26574
3566
10064
32337
13334
15635
19493
5620
25394
31556
12288
20555
3160
26421
25071
19115
14945
27812
2975
3043
826
29275
25499
3782
30381
28271
18202
6376
21009
28442
5789
17119
17816
8355
25304
2961
32429
6460
24490
15067
1244
11491
3999
8506
3190
14224
32733
11730
17804
28233
13814
11372
7806
3544
25202
21816
25293
14335
18371
950
11259
389
238
16215
30333
8474
25085
23545
24496
13046
14864
1876
8812
28129
29993
26796
9482
23635
23248
16321
19165
4772
31353
22641
28836
10465
31825
20511
24362
17883
19790
26663
5060
17893
17662
15245
14642
3312
1414
11154
10598
4808
9780
23105
27687
296
9365
26420
3102
17375
9233
1437
3872
5673
32611
20523
17396
19109
19831
18961
24251
19966
29610
20664
27389
2130
20493
9226
8314
12869
29311
9348
23163
20742
31377
1202
31232
15352
12246
16424
7395
11726
27026
160
2336
6527
381
24125
14091
15665
25930
31562
28621
15254
32345
15087
19028
24516
30049
27679
1850
3243
22032
23767
14041
7507
28380
22147
23357
12075
21450
2733
32755
15707
19064
19757
22286
1644
10074
5453
1176
12079
15163
8474
16292
13740
26105
24371
13035
5430
5114
8721
17067
4360
12669
14853
24207
1802
14381
8379
30002
23850
30826
11990
26039
28719
10596
26502
12696
31223
25240
10445
11045
11172
14938
3031
25967
27187
26597
10595
24727
4782
5375
29864
18660
4571
25959
23332
11841
23514
32614
14759
1414
16896
6273
20928
18272
9765
29596
7993
23235
29301
32743
12280
31966
22807
3885
2366
30249
10444
28766
16147
2267
8344
6801
20263
16904
20151
23505
31948
18452
22123
16670
21479
32251
2716
11220
1121
15251
17988
15437
26656
18871
6809
18399
9139
31300
6643
11889
7774
27356
5472
26495
25006
8194
8429
15984
22605
24586
20041
10146
3249
27237
7148
10323
27638
5959
21919
18957
22031
6362
7271
26447
6519
27165
12804
17842
15204
19495
8590
31469
27245
21195
11145
23459
20143
19661
18854
23436
450
10502
19882
24659
30561
2924
26068
22692
32242
7268
3853
15693
17370
9618
13668
21288
27473
11186
27811
84
4451
10840
2353
11808
18663
17896
11205
5498
15299
1269
31712
28618
24787
26779
13599
7670
9864
11849
20243
344
25698
29992
19977
14304
21776
9345
4971
727
4430
19211
27555
17253
7606
21334
19513
13169
29293
26752
19965
14557
24807
2301
22223
25784
1120
28701
2308
7647
20197
9353
14752
25711
24822
30000
21504
30092
20997
28745
30115
21316
16612
29795
12067
18142
19588
12020
13000
28740
5862
25286
23828
25681
14282
25634
12577
30507
26817
4425
26706
7566
31823
14122
16438
22292
7622
21291
23402
13031
1413
1823
1898
30667
12980
29610
18908
6442
14266
8125
13903
1316
9118
23193
4678
28332
26027
16832
13663
7795
13654
16925
4633
16915
3634
5111
15676
24200
15601
10255
1034
17979
26032
13375
20172
26918
16344
7115
14574
19371
26067
16295
5519
29945
15270
6504
8194
29711
5680
20929
23861
1067
18533
2126
27468
29187
9490
18101
18395
12877
5336
7623
32174
25667
680
25519
3240
948
12067
12390
6724
4569
28648
29751
30289
18381
25938
5418
8985
27220
28658
12396
11992
32459
20961
11476
9858
13694
7546
15398
30168
29611
773
28650
1004
9277
21483
2303
22646
13350
15564
12319
26421
30516
4279
31362
32475
24223
19543
25638
6270
7893
21155
22160
2370
31122
5259
20698
13208
22220
31291
15007
10344
32750
9013
31581
11925
28523
5169
14831
1647
25834
17561
6835
29441
28704
970
18407
8986
11087
30857
31520
8130
13260
6827
27925
5958
9830
4924
31086
11280
20967
16678
19983
16515
23487
32465
30902
11337
7132
9837
24802
20942
22953
27486
5497
25907
3982
20418
27288
13271
32501
12577
29216
21534
13692
31793
9196
23941
19935
3168
3349
32393
3287
31856
10424
233
30466
17929
12120
21085
25862
3054
18750
7259
11125
19889
14288
23553
24790
10313
23719
27
31412
16778
1623
15739
2631
26552
26662
11158
8971
11912
4744
10419
14434
20915
26351
29285
24871
32766
32751
19784
22361
17795
20796
29966
31371
31823
25734
21766
8025
12099
28935
13274
20478
23474
9050
29064
9615
2912
27704
1204
32535
25880
18455
192
15868
31510
29170
29424
10354
29137
26104
9140
16387
17079
12563
24664
24698
6565
9502
23562
8596
8196
26868
1795
23348
22767
18873
15569
19892
6696
20634
24060
21064
7176
2533
10266
18478
20907
28266
10050
25698
25752
20720
16466
28987
32077
21678
4570
3510
13769
22737
10474
22361
20941
30986
13558
9871
11840
10478
21839
17061
30790
29209
1903
8741
16592
9932
19461
2173
24119
8642
20634
26638
8365
27214
26358
9432
6505
22009
27766
20711
3975
29467
11925
28150
16619
17552
26116
17908
16789
21777
25971
4624
5965
26188
15879
20377
18681
2239
15563
17695
32509
7065
25975
751
17119
26532
22880
25386
25354
20217
24381
19848
11667
19845
26983
26989
4732
9359
13167
31001
24535
7415
16127
6090
1551
30034
25085
23897
15744
19655
20935
2603
3894
16310
22132
5604
18265
21402
12700
8011
2849
19724
25064
27859
14985
4341
26623
8247
12097
26203
776
14648
5065
29681
776
1584
28924
28898
9937
31156
17684
17145
9578
31146
5011
22755
8557
7789
3892
15258
12868
7549
32393
1285
19097
10807
5248
24478
283
9199
15141
7844
22431
3457
7064
10385
27551
9008
15341
25490
8053
30524
14118
10340
20466
8676
9318
14420
6063
6934
26570
7562
31894
29862
29054
17032
8935
5152
22349
9184
23885
30630
28381
1245
23042
23447
15693
5175
26320
4576
9651
9471
1672
30287
21762
8881
20260
30525
20685
32712
22179
9655
14854
32270
32691
30704
19392
23457
15123
5394
29792
29869
13931
25532
26797
14117
122
25050
22345
9409
12944
6363
26639
26343
789
140
1247
25564
12042
26741
2795
27435
22130
330
16548
21982
4729
20251
3905
3200
10831
12450
32195
6596
20534
16849
375
13357
11679
16046
7242
26050
25554
455
12848
8672
7029
8081
32069
20817
8561
14349
30885
17140
10759
15909
10739
18057
25692
29179
18674
17548
31951
2477
20178
24526
23291
10433
12569
26495
32718
27998
26885
477
2170
9534
11052
4240
29513
30014
29249
6690
20753
27340
12032
23683
15618
22741
9744
29061
27432
15008
3157
20669
12934
13013
27208
20034
25039
27865
16651
17543
3314
31223
977
12284
23618
3166
2720
7112
29033
11188
20942
19961
14762
1038
20868
12835
15211
1878
14682
32744
6264
11137
21797
6786
22498
21321
25489
21326
9743
18305
8974
4142
25181
29674
15251
12877
30244
19642
22242
5136
23098
22273
5944
27045
30586
1339
28394
906
25769
8937
10657
8192
2063
7076
19153
3805
30457
26040
7598
3670
20463
32217
18905
26271
27852
32053
19242
17490
27504
2850
3961
29625
9290
2913
12951
25465
24024
6871
8684
18839
2827
4416
12679
15262
1177
25324
4142
24978
28154
25611
19684
16518
13196
15285
5726
12499
11064
27238
31687
20966
22751
18952
1140
29728
6012
1423
12380
27248
32071
23068
4616
20036
32572
15979
28249
18645
11188
16815
29592
8181
14213
11352
29507
13836
25110
6891
30186
28696
29217
25259
28596
12516
23434
21036
25283
12212
30584
2935
19003
31337
10535
31058
1805
785
24100
13668
19585
26939
12742
25815
865
29613
3135
14637
28511
419
7958
31964
1665
386
7007
11390
14906
21744
2869
25660
12441
6243
10604
10183
28
18283
17836
18006
14706
28265
15919
14527
3987
3710
6908
11480
23079
30662
4454
27614
26372
23190
17017
19222
10337
11169
29839
28737
26569
18733
21300
11951
4078
1955
27648
11204
25191
418
16429
22637
24109
4008
8109
16299
10054
32234
16652
5703
7941
4102
5696
27698
29005
5653
27467
6561
16377
933
20059
17571
23186
25179
26906
17602
22108
22659
3567
30875
9122
25520
30649
21502
23248
14600
27354
9120
31319
9503
14578
19758
3608
28435
637
28289
26237
6726
4620
25068
23626
12508
25700
32724
15233
19399
12837
17186
4560
2592
20510
27285
27383
1133
13258
12031
5594
23652
19130
10735
7055
32403
8523
23962
26783
22960
27692
27373
4346
9485
1339
5387
11661
4095
16278
14624
27415
19040
26446
19848
17293
607
25618
25327
30360
12266
12207
17121
26040
21288
32563
3388
3381
9515
16383
7626
26652
15311
8015
10838
2987
17824
15305
7404
2435
11888
23902
20016
14708
30107
18436
13972
20518
10291
16537
13031
30435
13765
13755
16911
6539
4223
9903
21691
19469
10467
27605
29045
23118
21097
3989
15548
31881
1667
3202
24236
11930
14875
25612
25213
15034
8305
31566
20853
4637
20302
5064
19579
20272
32739
6402
21222
9239
26750
12439
11748
26360
13768
26956
4537
14127
10827
22887
7217
5028
3423
196
27827
30110
31158
11016
12682
24810
22666
30809
19947
2812
21550
15486
1018
5443
8958
32564
16779
15739
32043
12296
6777
32317
31094
27678
15462
505
16005
10235
29900
9557
30000
18177
11373
13675
11483
26113
28640
4919
10434
5790
27788
1371
15034
14822
11092
18600
14463
7702
29736
40
18714
30172
24309
14268
21363
21161
28080
26826
15937
10683
14206
23926
29242
21268
19434
3826
17851
6722
8724
22187
32759
16204
19306
20949
6860
20391
443
14726
16958
120
28280
9536
13820
17415
19547
10251
8260
2125
10602
1474
12923
16685
1916
3414
5884
11036
22779
27381
7851
10559
31
10647
11695
19186
23713
27946
25466
29311
4072
19004
18504
4863
13642
10020
20303
2946
11019
25845
18665
28565
18180
26845
10911
16042
5897
1810
15331
21167
795
29440
14714
3837
8814
2456
24723
27598
16054
15150
2245
31854
9171
30837
26755
3387
13193
2617
24785
17764
24655
32524
6125
25959
29861
10271
14061
7460
23077
24381
8898
2855
17209
27484
8549
7996
20369
29983
899
5445
27462
31829
15023
30210
8688
5125
21759
25920
29550
22147
22308
32255
31523
27145
12560
9155
924
316
10484
11539
20756
6396
29318
28343
21111
6413
15819
29840
15611
5193
20569
6717
15554
32427
5235
13552
31927
31555
1749
2683
16243
18977
22790
14928
5164
29596
13271
29108
240
15650
8431
12272
30188
27306
22005
27447
5733
32316
19351
19589
17975
31694
17821
31203
22690
13022
8317
1059
13220
26943
20194
23114
26618
21252
23494
21923
28245
8813
11749
14518
16681
31133
20096
20952
24352
13042
17844
23012
7887
20480
21854
6496
30519
21142
10934
17480
27545
16616
24077
22573
8214
6544
28106
27718
2649
1735
11063
25554
878
27003
9183
11900
29847
30087
13108
13915
10317
32437
14811
30264
2334
15579
30249
12402
9844
9667
10538
15246
5895
27888
10710
23668
1057
13003
27084
30361
16429
29115
25392
32099
4121
26088
28598
15462
21873
7836
12746
17635
6214
17132
9188
25356
21437
14651
32082
8456
8113
15873
21189
2796
14361
8236
15610
17
2084
10944
14954
7011
11286
202
26394
2694
525
20528
5043
28426
32628
17902
9109
14335
1569
5802
2102
6329
16291
7763
25636
11118
23655
29300
14300
23042
28284
13537
20641
13218
21709
2744
19580
3882
4384
29715
16506
10829
25196
22801
11082
11541
27629
21260
19248
23236
4587
26605
13248
13902
23538
10252
15117
32463
30902
31902
32506
26901
29176
29823
17288
7234
12786
15438
24906
22176
13261
30114
28770
13497
3536
450
3265
4473
19423
21644
17329
21074
9228
4492
6371
26963
19147
22208
25405
30489
5772
26796
6238
20864
17909
3777
17909
3046
26063
12236
3315
17025
9386
16038
6582
5701
8546
18893
14535
5121
31051
27659
27255
24232
29479
12724
15273
31810
27874
31992
1215
8088
26771
7827
26275
1858
3600
18109
19911
27003
12492
23815
7927
11125
7486
28639
12405
1973
3041
6577
25626
796
22936
16285
5549
17901
27304
26302
25410
12560
18542
27439
6123
24555
25038
13614
7089
1927
27217
4686
29680
6542
18552
31259
2233
25349
31360
8489
17566
27952
2299
19749
28312
24603
5726
6445
28246
24418
22808
17633
9401
29558
23517
13054
619
30897
15619
18700
25093
17309
14713
14603
8111
14009
25681
4673
10632
11914
7467
3131
5644
4828
17291
3061
11716
14609
6150
20415
9893
20108
19360
13697
20315
7875
16086
1037
29611
26220
19727
8333
9192
22405
147
20131
16338
7926
27147
6734
3711
29521
31389
23423
10762
31216
226
1898
31517
27476
68
12391
30090
30865
11206
29406
30987
19309
5495
18556
250
16532
29471
31530
3655
31433
22598
30275
24074
26960
12467
21846
10494
27060
14826
24074
27346
11299
27941
19291
20988
32310
17590
17234
22476
18531
24882
11866
19296
18607
32299
28990
21146
11308
13195
6110
28975
18961
9652
31204
27075
14106
19451
1058
21550
19215
32280
30616
13836
908
27378
21305
23182
12546
14601
8420
26910
18799
8326
16646
30092
27454
28416
10009
72
1745
2707
29644
22556
19726
32743
19514
8582
1813
8613
27449
3437
10034
20150
13320
31186
22864
12621
21558
22656
19900
31806
2806
23130
22296
30400
22360
25629
11372
5394
28302
17873
19747
18457
29732
1933
20560
28888
9519
25780
28326
28365
2403
29668
11748
30030
32407
1507
11113
12971
2435
33
4328
7982
14064
22535
24128
22771
24475
15699
14948
8098
28448
12616
8350
4754
24534
29698
14358
16602
22218
6399
13115
8622
13686
29065
25728
6995
8554
21253
5247
11095
7710
1291
20956
29890
5742
8860
12313
31168
20669
24674
26295
5740
7814
8190
4753
2279
30327
8280
12765
19806
22877
26916
23073
12985
9922
2994
24291
8433
14623
23133
13963
7229
32215
14613
9043
10646
14668
12902
24305
13823
11362
32679
14211
13051
7503
19433
24951
32515
7692
15320
3606
22629
25003
16016
30837
696
12942
17992
9327
421
31207
17487
14788
30785
7463
3036
9325
4735
23043
12044
24920
28893
15960
14596
18526
17333
19390
14043
32591
14602
22179
26986
26189
27317
15410
2578
25608
31433
18272
9046
30792
25264
6405
15797
26828
13586
24903
8834
9994
11432
31464
15103
29593
17461
8525
22303
20124
4505
767
18573
10481
29343
22569
5801
15516
22740
24299
6707
16475
19146
16381
12069
10916
3401
28799
21516
27200
13731
5906
8475
10134
5729
22011
21541
30299
909
21187
10020
11594
22020
23354
21440
6420
11826
25510
17592
12751
16867
9795
3833
12839
15512
10051
22635
6635
21745
10592
29885
22228
32132
2497
1563
23017
29164
28714
29208
7548
18586
5775
17952
2141
16543
6664
5686
28942
26964
10111
10360
8108
28584
32410
17033
24451
14958
10330
17385
6957
13220
5226
23301
16198
16552
3984
29075
28462
26918
27209
6886
30509
22280
2550
11800
11624
1775
29364
8752
15272
17680
16814
12775
25911
12136
26958
7263
12863
28266
10989
24205
10610
4142
18405
4950
11481
717
2670
26931
18737
27377
32004
11621
17121
25138
16551
16627
6432
7528
10980
28045
31132
351
13551
30598
15260
8591
26724
7492
4967
31370
8437
23688
8497
15752
25955
25424
11780
8931
32697
22816
31097
6392
17301
5903
26765
3361
207
18281
31105
2417
32706
13100
17332
28888
2761
20791
29773
31982
4059
3666
22474
4990
27833
31244
22148
8356
10042
32484
11945
3729
31843
27290
11486
10981
18809
10858
10901
10324
17184
9332
29098
23806
24565
27294
18808
27070
25533
15004
29705
31556
24863
23405
31425
5707
17674
15270
11007
21594
2272
22731
14191
32592
32601
12892
15463
7911
1202
22375
26574
17823
620
3576
19738
4553
13496
18675
19006
25146
22670
1369
17374
16179
25134
23904
19944
23842
2089
23021
1722
19945
7220
22377
20108
21786
20773
29187
20052
30678
5458
29448
5948
2186
16856
27088
27630
3463
20707
6298
22152
7553
742
27588
5297
31383
29423
15024
31176
29475
9085
28106
8453
30802
21071
18782
28995
28319
17832
11692
9696
14847
7545
7963
20978
29667
24782
31199
13233
15063
12041
8765
30934
22354
19476
22628
18377
2571
3997
11024
26890
17024
27523
28312
21313
26477
9555
9768
13339
29085
1631
26552
29089
15637
27320
30988
10467
32297
25062
25287
785
22828
32430
26060
30063
28291
24584
22449
24075
25740
12122
22931
23186
21455
16312
28871
22899
10253
5394
23372
4132
11702
12793
1819
7389
11005
24380
28016
3928
6144
21107
8436
11806
23559
633
5096
2342
10601
18165
5207
28047
26970
12888
13409
2056
32348
2118
13345
6340
8820
9058
32660
725
9465
27092
5576
6027
23512
31678
3165
20109
13829
8430
30396
23558
16469
12224
7539
31082
19579
12407
24089
25563
27791
10183
11079
17080
18928
25679
12748
26670
20917
23723
124
987
10333
60
36
21233
26142
20449
20702
13846
29482
26825
25759
12354
29955
12634
4657
30563
13670
24013
17588
11874
18624
14924
28451
8475
8840
9949
4314
27858
1586
30826
6960
2475
30961
9076
5823
5239
10284
28687
31380
4587
3218
21692
6558
25042
11144
10863
24302
25487
19602
8325
5781
19105
4246
2348
22511
7674
3348
11030
28541
9608
9945
31571
13454
22400
8523
18794
30681
32330
21921
32022
14685
6531
28843
9959
16054
13356
22892
54
3437
5528
24873
30546
12655
1407
23271
5836
12978
23856
9367
23631
19629
9215
18511
15347
299
19486
30241
575
8553
6849
11149
25090
4936
5489
26111
21342
24196
19259
11445
18251
19996
19147
1962
16464
20549
4745
25442
17351
23961
5012
26220
23962
24000
28115
24554
6166
30942
15974
12175
2880
19444
1100
19062
5949
23193
9856
15762
23269
6592
14900
26375
6568
3810
14959
1018
20786
21401
27452
23424
26642
14095
28392
31698
18776
29036
7863
2482
11410
26199
23204
24781
15555
15310
25541
8217
30580
7036
29935
5497
30491
11780
2236
6680
20295
29075
10038
19609
2636
1748
2290
27796
7739
19164
23704
16160
25684
23114
17266
4034
18642
32505
16536
30219
28725
21009
31641
12244
6882
3978
19392
23789
2164
6053
25507
29840
13606
26085
10004
15671
9844
5461
11959
1612
7702
17495
27332
9329
283
9646
24000
8502
3660
23553
28227
10345
3342
9455
20902
7275
19284
9966
22611
16357
29229
2561
23013
24036
22645
29153
28039
26774
23728
25566
10601
26692
1751
7999
28090
31768
7867
12790
19555
941
26720
13257
29569
17567
19285
23869
28825
29036
4923
17077
11653
6893
21719
8684
9711
32725
11906
24100
20183
6019
7199
30697
6774
15256
824
31947
9588
26491
16370
16265
26841
10508
4953
23513
7424
643
31286
4842
19555
5035
18126
4336
10959
3261
27329
22991
19567
16208
21396
11954
26187
29825
17610
22056
29509
18229
8175
6538
20269
16786
5653
25263
25050
27120
12754
344
26247
13309
19826
31057
25770
28109
27105
25975
27181
27167
17543
2541
16317
20820
111
31467
5034
9520
3892
15946
5801
25029
2891
30178
27241
16497
28682
20315
28016
27306
17589
29113
13334
16043
28557
11127
15968
19519
24217
15574
5577
18576
28230
24089
27772
29970
3113
4926
25501
22678
852
4250
8951
2718
6910
8402
31641
3915
17051
27478
30434
3603
12008
13461
21192
24899
8632
18549
8474
28791
18714
2
11507
15498
7748
3626
4340
14014
2123
9106
26453
32430
3265
5209
27628
24136
30718
20302
8407
2000
5847
1472
9291
18405
15121
4557
10779
4775
12141
16160
20478
24620
8195
14508
15058
18298
19432
10689
16980
8020
20986
8524
9025
12344
14010
28556
2485
30374
6800
4814
9336
22398
8435
15672
26374
18558
21679
26283
9178
25141
4650
6189
24175
28170
24325
24941
26675
3236
25709
21999
23157
15821
2525
19834
2113
30346
25183
23392
13929
26196
12822
24057
11325
27218
16225
1767
12920
5011
7126
15724
13270
14365
5340
7826
12403
21351
12962
10892
3169
14609
18015
7169
12522
2031
2198
18506
4560
30030
4559
19610
20554
19615
7004
24019
22382
8624
23945
25262
7330
22873
26774
24413
3855
17870
28478
2448
2755
16824
7115
20997
31295
30501
12774
10613
24467
22885
11971
7489
9512
32207
13819
8365
29199
16785
13311
25382
22668
30624
20193
16306
20171
2715
480
7591
23414
9222
5872
26305
11382
11582
20579
11155
29104
1476
17502
11707
28231
10580
2371
11898
26300
29633
5741
21256
13386
30513
27533
10550
11193
3014
8584
32157
30981
26706
1545
28131
2779
25314
29618
23848
6006
236
18218
8454
18918
23585
11876
24467
25717
26397
20398
23103
26172
5540
23657
29992
9934
9345
13255
2862
14874
11845
26902
18517
29962
590
29730
25772
5294
17153
9269
7443
23863
31968
26763
15118
16710
2643
3928
1714
10776
5751
5874
5405
16364
15066
22396
15666
24070
5260
30740
29383
5246
28163
16119
28888
2571
29553
16182
6520
9103
13933
23976
24766
4331
15620
24047
10769
29465
9969
21055
17910
10085
3705
15489
21998
12515
1941
23692
24
26949
25451
18287
28335
21697
27798
6737
16809
25449
6283
32692
2785
23210
22979
20258
23840
32423
14128
13082
30003
32474
22548
4210
21536
12170
4579
31663
9396
12133
13994
28741
27167
17580
4932
1990
4576
8343
23245
31952
23787
20210
561
25718
2596
18946
30603
19113
10158
6291
24124
14754
17217
2367
15417
26494
13202
18536
24387
26943
13563
1932
4847
5463
2805
30055
20234
18986
16665
27119
27192
15684
21830
27742
19644
1930
10471
22317
26079
18109
13174
2074
3874
2311
12487
27648
8923
24253
29603
26491
23797
3073
21642
24439
5108
6996
24010
9816
24159
23705
19134
16076
31834
13428
22620
9061
21708
21512
2662
12436
28893
22155
24271
6945
7304
19148
12704
11708
13856
2671
10829
9565
11014
14359
5506
4827
28424
5603
7397
11297
11313
18651
15629
18007
3544
30187
7675
23492
24950
13916
23584
23028
13976
26615
6094
22022
20815
13370
21695
27128
21335
29918
22256
10994
136
5659
30546
20952
22446
26515
29026
475
23416
10497
1027
28693
13123
249
4792
7568
3479
18584
13366
31360
8796
32335
10243
2437
10652
31397
2072
25422
10305
22590
26122
14334
6673
21945
29347
25193
25041
7656
29210
15952
9876
27286
17475
5947
10073
32154
16695
17194
3075
21286
578
18970
8250
32351
7778
13895
11855
25588
23513
16321
10766
13586
20910
11723
9363
20479
10063
15904
15252
9440
9647
14645
28518
11272
23722
10276
31970
32544
18481
10616
2466
890
29570
27536
23771
20267
17288
20125
17424
7847
6059
26878
1477
24831
1624
9294
8205
29366
3993
3360
15191
2293
16324
32125
8324
22119
7209
255
9012
11653
31360
1563
27261
23229
12739
3027
32616
4023
23515
2623
24300
24169
25534
32607
17326
31350
1480
10639
3231
8834
4413
22675
23645
28118
9493
10620
14030
17950
2833
13631
28432
16656
689
16471
6658
10214
8175
5188
15294
16944
24757
11461
19701
9138
6655
18115
14646
13705
14289
13374
28442
17783
17851
6705
10540
9697
26591
8728
22936
14427
1525
14095
14890
12166
6462
16319
16782
21484
13177
29272
2394
7883
23161
22145
20414
32590
4086
31779
7449
27871
23366
1600
465
30598
13439
15579
25342
8892
1211
18549
9429
15148
30609
3141
10185
14387
11026
27693
15521
11620
15058
17879
21636
21859
2748
23038
28218
12754
343
13316
4566
7506
11452
4245
23485
25906
24733
833
22235
32018
19158
12919
15564
13575
31027
4277
4597
30089
7674
3825
32667
9729
12532
8210
7457
29935
12188
24622
3353
8198
3312
8668
9219
29058
14472
7146
20400
21071
24057
7292
13071
19708
25578
20627
646
14447
10885
15368
12865
19425
13644
14694
169
23309
26112
8934
12841
11097
4083
13605
18386
13414
14774
5400
31504
32480
23684
1225
12338
13720
5532
19979
28958
27627
9428
32185
4690
24713
26032
14129
30871
1124
18161
31277
17298
24943
20355
19360
11844
8502
32502
24370
25832
30262
29583
26360
11068
4074
28876
7248
29154
23432
32165
24398
4955
16183
23686
745
12408
12962
19542
19766
16454
29538
12851
14339
25651
26747
28637
15111
22103
476
13030
22132
24663
30863
8501
10731
3482
6086
24179
22732
23011
18978
8583
12172
11049
8122
29525
27540
26686
20730
21475
27465
16404
2419
31375
31443
13348
16646
11668
24456
28602
19901
22078
14435
9437
26485
24128
31971
8862
18128
5037
22068
12193
31768
16055
28369
1713
29256
30876
29346
27813
31820
26397
24046
18579
25336
18019
8859
5629
13721
25495
1222
7354
130
673
21008
9314
9804
30928
21789
9103
15806
7229
6091
6404
24348
18804
27802
31764
17256
25234
28794
2822
26936
30089
1579
8281
25953
30644
22998
29637
8497
12204
18749
23246
18316
27509
1331
22705
26839
2995
8116
9122
4359
6688
19578
24766
31390
23219
15421
22741
18548
23287
17153
12311
17314
23547
15841
16441
24748
18127
25361
30600
12433
14106
16139
2956
8497
21670
25017
28098
26017
26575
1413
5136
12931
19694
22845
23710
10183
31654
22565
2563
23652
16499
20262
31100
25555
17546
32475
3033
28503
19159
31181
584
18286
16563
13762
25756
28550
27294
14916
19944
23358
32227
20674
1259
26531
8629
31351
9004
16772
26317
19851
32527
24103
31574
2295
5471
9141
32625
23093
25518
23827
12406
12526
28600
11788
7699
12980
28524
12548
14826
19444
14612
29922
24876
19900
6823
25679
11463
17908
17841
31769
25376
19879
17292
17428
12043
31693
22458
10132
27311
4821
31130
31498
32289
26008
7697
12198
23017
27128
15278
12619
17966
12954
20982
446
28819
29209
24306
5474
23503
31393
26411
27223
14021
31005
28360
6539
617
20245
11138
1835
17909
27471
11305
16707
12379
15409
21898
30798
530
30956
31527
23592
24619
17358
5851
17146
18536
18528
14642
11257
26894
15796
12688
6888
7083
1744
23466
8294
6630
30593
18843
5726
8409
5845
5595
1270
15388
2501
5561
15194
14754
29396
26273
5480
3385
17006
30718
29264
3527
6561
20466
21678
8199
20640
24469
16730
1363
12872
13581
7835
26755
2461
22372
3286
15992
25728
17325
6833
5379
6930
19812
8338
28030
8970
30589
26247
19122
29786
24328
3004
893
17601
1930
9775
2691
11464
4985
2295
15235
19014
21898
26493
29207
19601
19738
5123
2734
25944
2509
5718
28706
23464
138
30417
15031
708
10160
20496
32332
21453
20824
30017
11430
25648
11063
18716
23043
11919
27300
21546
19107
17057
4955
21800
21741
9519
24047
2084
7880
31929
32676
27895
1179
29494
1317
20292
2369
12382
5510
17313
109
8028
23964
23583
31305
3077
17248
30571
17431
29778
27372
26119
24193
7153
32724
16165
15362
16577
26228
22365
18279
17662
4856
23576
25358
21877
13331
2223
10560
26540
23868
16418
31339
6854
18649
17823
24444
19570
3642
8419
20372
4893
27918
22332
18035
22687
16769
10760
643
32524
2643
29611
1895
7229
1583
13723
32096
26141
15212
24959
23510
23681
8008
28131
25330
5751
27271
21230
6678
14886
8238
19950
23896
20319
8394
22250
9649
13701
21545
30135
17567
15258
1933
27974
8010
18794
32312
18578
10448
32508
27780
25550
2752
28952
26708
1783
25291
16049
1458
1551
25397
27047
29369
111
7658
9657
19885
19742
5810
9740
7224
17965
15126
12877
25069
5467
18460
19565
15141
2731
26904
10989
23984
30743
26038
6726
29678
19908
15382
29495
8794
28395
8411
7857
2048
23637
22387
29607
32002
18365
23771
23497
32210
31195
10252
12363
17627
8293
32390
4503
20880
23766
8545
7955
16005
11302
32052
27990
14465
10933
32713
2487
24536
32462
8578
4432
18715
5294
20756
12740
15791
24989
11641
6335
14360
18325
6395
18188
8405
4223
7819
30062
9860
25792
3559
27623
15335
28443
27474
3103
607
25980
16525
27566
32385
20968
22704
7264
6771
5252
29156
19926
23144
26969
1591
9869
13236
29738
6573
15534
30317
31368
31098
23244
4559
16943
20784
9937
8270
31252
16630
32741
17619
2894
13683
9057
29059
23116
18602
17837
32345
3969
752
32462
1896
25777
17002
18800
27863
6168
22524
8636
19927
27369
29757
21176
18419
24384
8524
8541
25240
10927
745
4776
3082
9608
3034
13589
3734
14368
25603
9187
7374
20287
21913
26469
7132
15936
28084
22586
28156
18890
7739
18305
6663
31816
25052
15332
7622
18701
1670
928
7148
18801
11508
24189
6017
10834
7998
14487
26561
21856
6927
793
25447
14020
12563
32215
20343
15985
10676
32270
2545
12607
20768
18968
28687
4799
24648
19261
16833
9020
19415
12634
9847
4129
3712
11561
6975
28749
23080
32717
4857
16652
31730
25283
1287
18190
1915
17791
19818
28808
29301
3179
22163
24668
20058
32102
17345
21349
12308
10743
20025
5264
10597
14995
17294
13503
5225
12667
4863
18837
24092
5276
16613
2275
852
16560
31308
12544
31410
18057
25808
7013
11400
12673
8293
27072
27293
30030
2407
28340
11239
2142
25030
14630
30529
29798
24727
24997
8446
9019
6123
21314
17074
27231
8343
15704
27635
20978
3025
30506
27920
20912
6667
28328
2270
21771
23420
17638
25827
12423
5854
32131
14024
9793
30671
24058
29395
12379
23362
30086
25302
22087
4007
10630
21876
23066
28503
28661
22599
23141
15163
19567
9691
28939
5465
4043
22819
4182
4203
29868
19554
29456
8560
22620
6224
19381
4929
16170
29765
24747
8801
4561
27364
21302
9318
19785
7164
32315
22574
25786
1226
5858
3089
24877
30063
25811
29864
24158
1527
15044
8309
27047
25056
17622
31202
26198
15136
23231
29061
25976
14907
450
31348
26528
30406
21756
11097
1305
23902
19656
25224
1603
20246
13802
6798
8631
12407
21808
20315
32216
5216
27550
21637
2253
19764
12066
25753
126
32634
24120
15618
23613
25851
14948
5404
30545
32621
22169
29245
11911
21481
9354
26825
26034
4013
13495
4626
6654
7178
24737
3868
12580
15852
30001
7568
39
8218
15523
2714
8568
2858
9934
15137
30225
30223
4910
27657
18884
31905
23471
18636
2521
13564
4636
7009
814
18063
31055
17764
21787
4490
269
5454
16648
29879
12328
5322
26603
265
31173
31891
21977
8304
14841
4472
27172
27325
22073
24126
16709
15691
17094
25594
13990
1271
10244
21928
6455
31544
15507
2813
6968
2629
16897
31597
28302
27118
17691
4428
8015
10417
3477
27526
11913
13833
17804
3786
1100
6754
22384
6829
22313
32155
28140
17369
24149
12137
9449
27904
21785
135
16999
958
17219
8386
12357
10259
3522
26720
11487
29394
19417
17258
1186
13252
4493
31035
11078
5589
29344
4312
3645
21138
31229
27620
25929
15576
15251
26468
1020
13588
24897
7275
28997
29597
31942
16285
27945
16399
12321
22875
149
18973
27734
5043
1433
3119
740
20326
26965
25880
18834
13720
8812
27738
10492
17028
27785
8233
26107
24741
10360
7164
18028
27862
25232
3186
8151
3177
31151
1407
28319
3435
7209
28833
6902
9039
17406
22825
15622
3078
3179
24501
32205
15264
16152
25173
29571
9221
17612
24787
24766
23325
32004
14379
19858
18651
21732
568
24878
11001
18406
23810
12329
23792
9663
15040
12860
13188
10821
14868
31741
24344
11347
1213
18355
22657
14021
27502
1943
20672
28116
569
11712
13977
8339
21281
14419
28557
4919
15847
13541
21429
10208
1446
26375
8591
22490
21997
28289
3353
26318
30334
19652
3379
9428
30502
4053
7460
19363
30976
11497
12274
17131
2975
256
19794
23933
20552
17493
16308
20608
10899
9193
10926
11498
22248
13828
27806
9417
17047
23265
10927
20292
12215
20962
28800
30851
2249
31588
31533
1692
28232
22707
23106
13276
20167
8860
14462
3483
27780
25639
28152
27335
13937
14988
31773
28223
9484
14499
1579
9310
21403
5876
8677
29471
30884
5324
28059
23786
15780
27307
15024
11693
18250
20740
30624
19689
847
27889
27373
4162
32010
8908
10232
11854
4300
25093
22947
25595
13311
27397
6035
23776
7548
14739
32044
23344
28007
15189
19550
14983
7655
22855
32127
13157
15808
18388
12217
17755
23383
17844
27353
29897
16774
22818
28902
15482
540
5099
21725
10550
14098
13603
8856
15970
6497
20401
2053
12968
16813
27624
32192
23438
677
23240
9053
24943
22933
30809
15131
2269
29521
30815
23851
18039
28494
8917
22418
26775
18870
25383
11126
25924
1519
4405
20602
15037
23244
4876
11824
2413
3674
26811
826
24535
14212
16601
7802
6329
10285
20378
16571
24681
10262
28509
21348
22660
24292
29671
369
22018
14880
13268
17238
17692
26713
20163
29792
29009
8107
15693
16555
17351
20139
32009
25220
30376
14255
30416
22625
24450
2268
22739
13881
24416
17950
27525
29374
19309
7854
19084
26902
20549
27040
5497
28671
27387
17605
5370
18687
30604
14113
22791
3730
17625
11654
18032
28676
7424
10033
6910
20861
2338
13961
24372
21986
31655
17610
20133
20650
905
9529
16737
28265
25289
1470
13320
14324
10783
26387
14167
18983
18049
29916
21945
2144
239
21106
15822
13360
22355
4015
16980
19202
2707
30114
26120
20531
23099
5173
20123
9441
20377
32374
13008
8700
23106
18545
10564
22706
10670
28663
26286
13375
16138
11057
18358
8998
13691
23143
21056
30104
26151
12797
27126
7232
22029
32233
2013
28362
17529
30048
9409
14286
17414
29348
30149
32605
26794
7292
9150
4115
2097
31184
30904
3834
30341
8838
19397
8816
29577
17474
28936
1135
8570
3188
5750
20251
30555
8641
11979
9209
26872
30472
12365
6434
12965
10112
29962
26612
17783
2533
14829
516
4048
20461
27333
23758
27877
22027
7322
28682
20689
20876
16576
8148
21728
21280
2643
21504
24698
8833
24304
1577
745
18885
16841
5387
8878
2343
30626
18055
27685
3042
13763
19740
27559
17541
5497
20471
25673
9879
12034
26381
16221
4326
10399
30539
26144
16162
22688
30383
24536
26769
16958
31586
29955
10721
12988
4569
23652
13772
32016
19586
31228
20363
26150
28415
16427
20513
11862
7871
19784
27883
26697
10763
18649
16434
19673
24577
32091
28020
5789
14738
15677
31810
4032
13504
12829
15793
27729
18064
9300
9860
12447
13378
5389
4906
25954
2563
2656
20124
30313
27026
30380
20905
17273
22889
9570
23835
7567
10058
6269
16502
17133
4709
10243
6897
25140
30629
32408
19598
483
26059
8343
13170
16813
25258
17902
8395
31890
30522
12379
25383
5664
14119
30140
8604
9335
9342
26219
12024
12625
30115
21902
26468
31333
15287
28222
15782
25221
8024
23290
2712
10057
18178
28758
11927
27368
22589
5409
12890
15498
13626
11514
28615
2118
22550
15706
6914
19844
20027
4070
28222
10423
5114
3803
24825
12405
30663
16726
10502
25765
16137
981
14436
17743
1774
9225
24122
17555
6663
27353
24377
13896
26313
11640
23698
11728
20131
14998
27047
1148
9828
28563
20323
3367
31713
10663
8112
27035
19267
11041
5395
20040
5405
16109
23305
20047
19001
5372
16878
5759
3446
30784
25387
9531
19062
3241
17604
11566
22183
5090
25337
20203
10310
4951
27020
9538
15557
26520
17598
7518
18059
26359
4247
20112
1523
16503
28820
1888
24115
32102
29645
15300
23530
3457
6336
28873
22193
5478
30867
5006
22482
20794
29764
23672
28251
21027
5693
9497
13352
12870
13689
12309
14952
4791
21102
25299
5505
21234
13574
10796
20990
15035
27654
11727
9907
27372
12283
13310
2188
9263
7656
27514
16249
23848
10510
26568
32290
5057
31786
21072
15267
20025
7527
420
30113
21513
18029
8366
16654
14768
22490
15248
6008
27428
16634
2960
8219
981
19823
29076
26567
19775
3613
14100
16929
13917
13200
14826
13587
8336
21077
21260
24129
13086
10868
24856
3143
3061
5425
26997
6197
30647
17091
17852
19215
28393
15701
7327
6061
24511
10607
24455
6164
23218
32313
27762
26823
31924
18601
23176
7583
19605
20953
11076
1938
2709
28318
24489
27424
11142
32437
17498
29932
25972
9641
6315
6387
4581
2680
20668
10094
24499
8421
17034
29483
3157
17566
25804
18767
5365
4188
11730
20005
8030
1601
10390
18931
3005
22747
13049
6909
23287
10141
24181
395
27788
946
16407
13576
11640
25307
20512
9245
938
13339
25722
15002
2258
17231
11992
1961
4709
23728
23936
206
22150
31323
29819
23421
28174
597
13887
26848
23675
11998
4158
3044
20547
24730
18371
30625
4240
5482
4762
28007
16281
31051
11007
2726
9369
24464
26594
14619
11922
5393
8542
14003
14973
3668
21592
1138
25976
22161
26973
25048
21164
10314
11877
2940
2821
32337
8447
29264
25554
4410
11878
15622
29255
5939
13897
9780
24561
19168
19021
1396
10678
4128
19744
6448
13420
12115
10303
23657
543
26108
2781
23370
22731
14506
8518
12026
22888
21120
22459
23376
31817
20591
15644
6306
29937
11989
17182
31321
32189
13408
6729
24885
32452
12059
15634
27931
14569
303
24323
26631
13343
2221
8793
8968
4512
12485
28061
2305
10023
7432
9682
5846
26342
1678
22065
16255
14448
19824
7163
528
27628
604
8876
24420
17729
22056
32556
11691
19540
13820
13963
31666
3591
11884
15895
29948
25474
6436
16393
5158
25648
10348
23340
10485
6178
30976
32125
12310
5468
19449
26437
2496
20914
5620
21037
4456
20990
5294
12486
22601
15633
22014
6887
13646
12796
6839
30277
16818
15237
16683
3248
2312
10603
17858
18168
19647
15188
13316
5513
24086
9461
236
5262
31751
12992
23432
31510
30428
2976
18353
18615
653
8970
8321
11556
10887
13807
27244
30725
5734
9675
16110
14076
26466
26685
12003
18218
11294
3122
17613
32616
2566
10482
23941
22660
18158
21402
22530
7190
6375
3936
8712
25387
23740
22805
30245
31624
12691
17977
24785
20663
12861
27653
27876
4179
19268
384
31396
20829
19771
2769
23442
21544
8492
2037
30556
18821
20530
9133
15676
19420
24356
19181
8249
9835
20125
17812
8394
13623
24835
3994
1410
7473
13302
848
2835
11812
32096
23402
12373
12636
13656
23037
10563
10744
4591
30517
14507
2579
26152
2702
31199
17421
15459
13185
791
1082
9361
27294
18068
15438
20102
23295
13297
15884
2690
28457
28448
17035
17019
15374
27258
31229
29032
1257
27468
25987
7345
20330
14494
19298
14026
9961
15259
28879
25958
6778
28188
29664
1527
12804
21810
28827
27253
13575
19
194
20159
3039
4866
1723
29857
797
2392
32197
19196
6145
3870
1782
2064
3680
28523
3437
1520
22672
2143
7405
11739
5215
26991
2021
21165
3316
6559
19717
15135
5513
26527
8697
28136
19416
27771
14746
15917
12975
15459
16312
24014
12226
4853
10850
3335
1281
10882
22698
5950
4655
26427
32700
12168
10621
20452
4013
22548
18240
27084
896
31823
19539
3470
2855
24838
27030
263
5510
12498
16807
16734
1106
17943
7065
28780
17045
26943
19908
1336
10236
8312
22332
17352
13344
10970
30902
8535
29630
26242
2848
2998
4372
25634
6980
3892
23994
3143
5573
14636
7288
6833
28102
257
9823
12696
29344
28225
7961
11433
7295
30243
11454
2353
30986
12522
659
15448
27259
26856
4735
30358
31353
12448
1381
17742
12464
10646
14076
26362
26366
28094
23592
20954
28008
18957
13529
10546
20928
5875
12017
22122
23612
4670
24584
23637
582
24555
27438
15651
30361
18527
32741
12519
6433
22758
3317
24404
8654
32487
31514
26852
28951
10392
11707
21300
8228
10725
13959
23019
3093
22949
31849
2115
32319
30461
1824
27563
23316
11611
25370
25922
24777
15478
10268
22655
12007
20714
26891
27222
23041
683
25894
11886
21023
3976
26878
15328
32184
17610
16994
15602
21721
31278
29721
19110
29445
2027
4561
28226
28840
20626
19187
12520
4160
27948
4263
27261
20195
14033
1213
20413
627
21279
19310
14773
11154
9731
17990
11550
15324
3004
30376
9011
7980
2386
8791
1466
13648
14919
10466
9663
7853
1506
18458
21636
21361
20889
10405
5327
24748
25944
1498
25692
1162
5763
12076
331
1831
20177
6650
26
19825
20800
26249
21868
21513
7676
11072
7622
21697
30753
17069
2827
13964
21965
13353
1277
7531
6418
9188
22003
21826
4978
21952
26006
4498
10781
26594
19842
12909
18946
19265
9754
32725
8836
3166
8671
22379
15175
25441
1167
25429
5501
25110
12754
28673
439
20763
27194
9165
26931
18434
11724
27892
7542
25940
31371
29438
2926
8780
13852
1167
29679
24544
4800
7271
27137
5476
5339
20259
7246
22386
6291
2854
31031
2951
21329
2935
27645
21242
15246
32722
25501
23906
3015
15702
6792
1245
831
19665
23842
31106
22915
26657
30579
14220
31682
16123
29840
18527
4513
4163
14186
20855
6960
6494
4653
20066
7382
20398
13248
2116
25157
23418
24113
4572
14899
32479
2788
2468
4707
22565
7497
12363
19474
19276
28114
10999
20541
21933
2494
13974
25597
103
31461
22639
1765
10551
951
32004
12014
14188
20359
17467
9998
9786
14523
12859
18870
23058
22492
23517
15257
17494
10676
29666
14515
31729
16396
28191
18477
14923
18346
397
21039
6395
14374
25016
8366
9063
17614
16449
1490
22113
32383
27717
21565
1289
10360
25984
19808
24367
5417
15908
23445
15775
17541
4893
23648
18918
23651
5494
30712
21558
23814
29328
26067
8747
24518
30737
15575
25990
27633
9488
27099
19231
27751
26195
3373
3042
10220
13365
5030
9297
32387
23054
28250
25737
29079
745
13560
12939
17403
10429
7384
22447
25023
18899
28231
12826
31089
6518
6613
11371
19686
20263
7433
17361
30997
21288
28533
28034
325
4748
17369
2299
15079
14069
13838
22846
31868
12984
514
29186
28550
19482
30989
20517
22560
13966
11569
3488
8823
18812
4778
6062
19941
14079
18805
19815
19575
13910
19365
23254
10855
25897
9656
4561
18414
32155
21582
23403
21039
10176
27257
13379
19427
13000
28566
4188
7434
7243
3287
6570
30576
25965
1551
1026
16519
5575
21868
18541
7780
29315
10229
686
2535
15138
24893
3211
10434
4995
2650
21802
21083
28635
18515
23898
31482
13638
11780
4744
12464
30415
18622
23081
19050
2710
32524
7541
9025
3915
14357
29575
17670
17422
3731
839
12976
19895
18854
22364
6088
29171
14719
25738
22388
14507
4621
7652
31707
6000
31364
1434
611
26997
8857
8035
21626
21757
14686
29857
13956
13384
27763
12542
238
4355
31479
9519
16063
29414
32112
26865
11625
32603
12974
26374
16554
27044
16453
12713
23725
6384
19079
2912
27445
1706
2487
3097
30655
20909
30217
20623
3983
30259
19509
24879
22632
10700
14758
32582
27897
31779
3949
20409
6935
12840
26442
18967
11312
10806
24118
19095
20
18725
8936
20386
9494
24498
15206
12262
15719
19080
20483
9196
3483
31076
5720
4690
31032
560
9893
17695
31188
30393
5927
14201
9959
12741
15254
9840
2508
28942
3010
4286
23445
19458
18005
13020
12984
21222
6378
25408
3718
1101
27900
12070
4392
24913
7809
22956
16377
5553
13007
17096
24523
3374
19327
3047
3323
29345
17566
3790
2744
14762
25772
26902
25826
28602
17213
29317
6080
23505
11209
19862
27984
13451
5515
23029
26368
27842
25911
3444
15758
24080
29654
8188
30563
6831
28937
1770
2643
23975
8253
9255
9646
25992
29932
29434
1781
28330
31840
16303
1009
24021
32169
8164
20024
26145
680
4211
8505
17025
17214
22296
1747
15376
32136
10018
15744
16442
15414
11296
7624
30286
3828
23002
12534
2266
22465
31570
26208
19862
18886
31978
10285
20667
11606
1756
27392
22950
24956
18667
25732
14243
19860
23864
9113
13433
12619
20670
6496
32349
18414
27672
12389
24024
14344
17670
13934
2242
1232
9684
14416
16760
27154
31024
25553
22646
25353
3315
15829
30335
3336
16885
28847
8327
6800
29405
19567
15553
18806
25992
31067
22606
3169
15535
13146
31261
3576
11525
16703
12970
27551
5783
12468
1342
23605
12567
625
23904
29516
3685
17078
29538
17176
26948
2181
31153
32551
6810
2686
2227
23971
8883
16881
29458
16056
12652
24141
18989
22028
17159
235
28623
5337
25993
14033
1944
16569
16197
26289
31979
15876
13682
2013
17818
7446
14699
14035
5840
26395
19962
23540
1442
32263
4952
31315
5060
19566
26971
25885
4553
13346
24636
10044
30006
18212
5558
1840
1205
1898
28470
21084
12728
25559
16792
27229
8643
8818
6133
22901
20611
26940
26721
21285
18393
168
5645
15533
5834
18703
10858
7073
32179
11776
15497
26352
17750
18406
3217
12970
19659
20552
21270
30073
30792
25900
13408
12560
8882
22196
25519
30810
29147
130
32722
17894
1825
10713
32735
8699
8868
19266
3765
14339
2903
8543
29002
27496
31327
6156
17200
9097
7268
8608
14831
31587
19145
32349
19362
4577
27884
11885
2563
1028
11442
27239
12990
28023
8098
26012
29739
24899
14008
32530
426
18395
31808
1359
17939
16843
10715
2551
15942
31230
19377
427
17155
3108
13245
17565
12629
31143
22804
14285
31913
26256
12286
1733
4703
21787
1835
6471
12600
3383
5656
16114
3588
17217
8270
2483
18882
5013
8821
17296
21239
27627
13904
31926
7668
16130
8080
11920
3469
20248
22052
623
18241
5701
3975
1541
17508
5778
29635
3786
10110
21456
3948
13832
30313
29273
23734
25002
4485
28527
8204
865
26257
21648
27520
16902
22543
23724
9915
24519
1957
29095
14939
27946
26873
21048
4281
6332
28132
18922
18027
7749
30114
24570
20059
27079
2506
18642
29452
9313
30462
23904
32167
26823
6993
31714
24219
6668
12018
12298
28847
4204
11238
9012
13773
21070
4853
13431
5281
31532
3418
17292
7365
22714
8478
26068
32441
21497
2272
20305
22642
22986
25844
26773
15110
1908
30797
16415
26611
15197
25617
22416
14630
7585
28146
15836
23989
16551
5366
12190
19662
255
1523
14817
9228
15199
937
3298
22478
7951
17705
2956
14973
3997
18136
7601
22921
24557
31678
5561
10098
17411
16651
16593
547
31010
21246
17622
29979
29177
8092
25639
23534
7643
7873
17842
14090
2072
5145
4113
31386
8820
30516
1596
2353
11776
8482
27888
15379
3430
10353
6723
25840
20991
28001
8617
242
6369
461
23998
30636
25821
27186
12182
10525
21897
16539
8260
25480
3195
26084
5984
24739
30887
9322
25273
2717
28106
274
17769
29761
32672
31528
5951
12328
5048
6487
8716
21441
14584
19769
31547
24462
31739
21054
28514
13681
14231
18099
10760
8918
10563
6475
5488
28124
12343
1211
11358
27415
17480
30336
25223
15607
8551
9535
22761
24582
18772
16549
14626
7331
18002
24928
105
32647
1015
22521
22353
11328
24086
32104
25028
3501
101
6985
32357
19435
21978
25868
31125
17123
30872
30505
10238
20770
7829
25314
29469
9972
5787
17416
596
1400
8009
9810
22650
22614
31789
808
27251
20272
24166
13541
25695
14504
17651
14741
27695
2373
8470
25490
6489
13746
15819
2985
6935
12936
8689
22492
26138
21308
2119
8896
8315
32338
23502
26834
19342
6245
15177
15590
21200
30620
17027
14580
7831
30247
13143
19607
25925
5762
13996
3893
27044
11249
27150
23397
29176
2332
10230
2198
16142
24751
16456
24932
2714
15743
32388
3855
21562
20271
17188
8849
25013
18761
30872
18690
24942
5356
19769
25696
3490
3277
30006
12582
17058
8274
9516
7169
1894
28605
8890
6095
6531
26537
16913
2846
7393
1823
3954
2612
26777
17229
5690
30655
14775
21947
10016
21923
21754
10178
16353
30327
7727
17400
266
30512
3595
6232
28639
10247
5561
22087
21622
17883
15819
26854
27866
29167
3459
21734
29947
6621
15041
22486
13443
15230
31756
10531
30738
2354
28392
19404
17036
13480
3079
22335
7401
14207
8347
19898
11881
32575
14390
30838
16767
6897
18238
19502
28566
975
19154
16671
1598
24841
8203
16762
19264
5391
17725
13864
15004
29292
6134
7674
9423
6676
21295
26134
16181
21911
26327
20677
14200
18968
10929
30201
18878
30192
27766
24166
2190
21580
27520
25117
3486
8968
25677
11416
24916
26905
27870
2468
29588
32142
2487
22125
8925
1984
29711
16173
16623
10484
23026
24153
25559
21913
20991
23005
16785
17986
10284
3604
24593
11950
15293
3204
24578
18030
28805
26440
22401
6047
31085
25971
6517
21884
21472
13279
12403
1671
5357
4549
12743
5121
22739
1530
29008
19512
8180
27075
16871
18709
14996
29691
26779
11965
2467
19133
27622
27031
26299
522
6204
4356
18788
32418
18483
7881
23878
15652
11031
9078
15521
3526
23997
12283
9377
30631
2460
27324
27986
24798
9785
30484
26227
15396
4914
23592
25870
9915
25459
9085
30704
28420
32032
17186
3536
27810
16183
14506
16255
23939
18201
21638
24254
16157
8520
9766
5593
30882
25814
20919
30077
31518
28390
30615
3641
197
8426
30523
20036
3223
9206
11399
24615
23822
29360
4881
18119
16146
19884
4380
26238
893
5251
23763
12072
10694
13460
31246
19317
1823
12535
19568
28917
28721
20675
24504
21557
27556
30212
11885
13448
696
8568
25476
5539
11760
289
17297
31595
28349
25876
3317
16585
30802
3157
20857
26605
8383
684
4252
8559
10947
3800
15061
7570
1962
24970
15482
2036
9306
11575
5555
17327
12619
20790
20525
28014
24627
21194
20710
23036
15321
25253
30370
5370
19826
11677
19173
15665
6510
12240
12284
24452
32409
2199
6747
32041
20174
22126
31329
6610
19257
5541
1742
19480
17052
11756
3736
14422
12520
30026
21131
25181
23668
23556
11820
28778
21560
14276
10643
471
28790
24218
26974
22366
49
5018
29579
22222
9274
852
8914
18052
9075
22309
22747
5778
23590
1080
6629
6176
28254
32507
5818
13425
2183
30174
24901
8701
1936
7566
26787
22495
6264
2784
11400
12653
32543
29130
1907
11816
32592
6403
12830
2629
28109
17475
13671
3082
1900
19426
30839
30330
19215
24381
10072
8753
22490
17664
8825
20945
32502
24828
27734
6234
16731
28164
20245
6326
409
4059
6092
1092
5854
22270
30525
977
9735
12016
4434
18328
1424
21321
25067
13195
2693
17623
13256
5161
13996
27918
23007
24833
14600
22246
18734
10492
26673
27938
26601
5555
19598
4988
17026
31893
16672
20813
7434
32083
28596
5674
22334
11757
11863
24284
24875
2633
16576
11997
17011
8614
19154
11843
14919
7244
25744
18677
798
13386
28706
20656
1967
10381
20176
26826
11923
20581
14898
13007
18100
23554
9758
6720
28728
10703
2464
9550
18386
13317
28218
9882
1649
4521
5740
9881
14566
10615
25874
965
2089
18650
8324
27105
14620
23949
29236
28950
24333
21040
21001
29829
24686
24782
31754
30149
27329
14015
21071
18113
14407
32071
285
9882
19447
20303
23412
19664
5146
19053
18354
9883
4458
28553
10494
29375
27659
19134
2270
20797
13018
8535
24651
32594
314
13081
14992
22600
27583
31467
6309
1092
15638
32040
990
32473
29490
28790
30621
30381
28857
3910
24666
21518
7901
16332
635
24562
14656
17875
12865
28051
31227
24401
20304
13202
30377
23344
11939
27259
12764
8998
5557
19356
11566
14871
15953
14518
21845
32428
24539
12924
4671
559
31984
11757
19366
13279
500
23742
24329
29260
32688
5428
3869
17723
11225
27024
23
3780
8465
29703
1175
28561
13715
1764
27455
3324
7584
8830
14801
26412
11570
24043
753
11163
31257
15699
6139
1824
19036
6935
7635
3801
26647
19076
9369
24261
25074
24980
18729
24435
2096
7047
15563
25837
10383
22432
30618
12541
15617
15606
21398
14274
8952
26474
7008
24754
674
410
26364
26758
18410
24003
21066
4121
25636
7691
27882
32265
1181
26275
22695
23228
9236
9378
13980
31522
3839
3197
3674
14600
19344
2953
29176
23891
1918
2282
26629
18512
7671
17524
8644
25989
14133
290
237
25732
14639
18641
20555
31957
15395
7836
7230
22495
4639
25988
19274
27445
29907
25642
1001
24662
21362
30012
29684
18924
22687
17006
24174
14527
10703
27028
98
15729
26632
1275
4599
31193
7179
14590
22011
2050
20839
23438
31585
21812
28537
5629
17665
27172
8099
8633
31591
20081
6137
7326
28768
17059
30373
29544
23900
30791
13953
32257
674
31849
25597
98
15102
10957
11125
6535
28469
2714
15342
17248
28251
8078
14293
16721
25767
12342
16763
31189
17699
14182
6409
19715
9080
23422
25056
29201
16014
3702
4569
18069
7774
23462
5252
6834
17591
25489
618
8403
5431
22029
3409
32148
10479
3779
11283
21643
30642
25949
26052
18420
28622
30215
20925
31579
10226
10593
18286
10929
21834
29252
25773
15385
4615
2801
24048
17064
11884
28877
24621
25744
14485
25432
17311
10562
15871
24059
9124
7019
11807
30772
17027
18193
19871
13175
25607
9461
30346
1130
20676
13276
21241
29083
13279
516
375
11325
25818
18412
31459
2683
10136
4530
23277
5287
27479
19960
2769
13236
7954
22970
17656
32540
10240
17468
17569
18259
13878
21680
30482
26764
17615
5304
21433
17615
2429
3784
6616
19862
26042
21936
7733
23635
24796
10769
21725
3250
6786
3592
26026
8780
17204
16305
5849
7325
15722
14955
26063
9395
30328
30271
11806
16187
18710
449
26131
10845
30004
23602
27953
13434
27588
16105
28865
12957
6081
16128
12201
2185
31751
18468
14467
13174
15888
8835
32623
3663
26812
9500
24620
8930
14092
799
1628
16513
28286
11405
28542
16513
2948
12858
787
31923
31298
9728
1563
23647
6878
5052
8303
25304
25195
26605
6466
25425
32112
27901
29458
12978
26251
23503
10461
30560
26032
13918
26805
30367
17819
650
17808
2966
19477
6855
1438
680
1036
22616
12126
32049
16032
3920
323
31348
30701
1564
11880
18884
5334
6402
516
29450
6601
2335
0
3665
2280
28405
15936
27594
19125
13392
439
6013
18532
12949
596
32364
4560
4166
159
24187
988
5239
12324
4162
1388
7967
23881
8629
12878
14882
15195
28796
3839
7065
3164
7885
13444
26816
14804
9930
12290
29404
25743
30369
19373
32280
23427
5078
29469
31294
3899
27641
20585
16707
7212
16711
7977
31927
29078
25983
6596
10203
21165
6771
4775
11830
30730
2480
13394
112
27697
12924
3130
19873
17816
10819
6314
22265
10622
13974
27865
10595
17484
32527
27764
26117
3002
28057
2099
28081
10279
8239
11883
1782
8451
1996
7242
25769
20133
28523
23316
11526
7708
22469
30898
4142
27455
3920
21699
25724
14329
29215
25439
31828
11365
21854
10184
31815
8918
18258
28095
11454
6450
17199
22557
28616
16174
4680
14792
11996
1478
17865
19418
24822
28665
24215
15775
14731
24846
26167
22584
21574
26637
13839
21573
32661
17376
12443
16461
982
3173
21060
11090
12725
30567
11741
4248
1166
4720
3174
12115
495
10562
13180
20963
15316
1868
18562
20293
30393
29707
14042
19798
2545
18748
14342
9958
23315
25910
31093
3873
19930
23167
24530
23800
8027
13834
32016
17863
13556
7225
1478
8835
24656
20556
14014
13312
8899
28425
29326
24059
11412
13099
19798
20959
8867
14817
6467
6438
13963
26695
12488
23236
358
24701
15484
9292
12668
22147
22794
16761
11315
29089
1401
21134
8907
26739
30973
15223
4485
17303
7733
14688
1998
1212
21402
16846
26735
31398
19615
420
25014
905
11087
32685
14147
14656
6689
7879
12266
15362
18639
16245
16545
18466
17051
26182
172
17205
29165
-1
