3756
16781
5775
10420
26231
12338
21266
26207
1702
4014
1698
12476
10390
13641
23928
2215
11905
9446
674
28611
3820
15919
97
4850
32105
8557
6611
31644
31798
26628
7551
10126
31566
18257
10532
3790
10550
10788
21525
22032
22613
25282
16920
28108
9465
27341
24963
3968
19928
24607
15958
8092
30173
5727
18996
23460
11026
13417
25068
26422
13326
12895
6632
22718
22448
8918
16634
27151
3311
18532
16710
651
30793
7974
5199
1354
21215
19046
1366
21214
6062
9288
11467
23881
9117
14626
28177
11718
21932
11749
21215
20263
19107
8568
28043
28256
31725
3167
17298
24434
-1
